William Dionio Graphix Homework

theta = Arc Tan(1/1) = 45
beta = -35.264


| 1  0  0  0 |             |2|   | 2 |
| 0  0.707 -0.707  0 |  *  |4| = | -1.414 |
| 0  0.707  0.707  0 |     |6|   | 7.070 |
| 0  0  0  1 |             |1|   | 1 |

| 0.817  0 -0.577  0 |   |2|         | -2.445 |
| 0  1  0  0 |          * |-1.414| = | -1.414 |
| 0.577  0  0.817  0|     |7.070|    | 6.930 |
| 0  0  0  1 |            |1|        | 1 |

| 0.866 -0.5  0  0 |   | -2.445 |   | -1.411 |
| 0.5  0.866  0  0 | * | -1.414 | = | -2.447 |
| 0  0  1  0|          | 6.930 |    | 6.930 |
| 0  0  0  1|          | 1 |        | 1 |

| 0.817  0  0.577  0|      | -1.411 |
| 0  1  0  0 |           * | -2.447 |
| -0.577  0  0.817  0 |    | 6.930 |
| 0  0  0  1 |             | 1 |

| 1  0  0  0 |           | 2.846 |   | 2.846 |
| 0  0.707  0.707  0 | * |-2.477 | = | 2.848 |
| 0  -0.707  0.707  0|   | 6.309 |   | 6.309 |
| 0  0  0  1|            | 1|        | 1 |


Final Answer: | 2.846 |
              | 2.848 |
              | 6.309 |
              | 1 |
